   1       0 ram0 0 0 0 0 0 0 0 0 0 0 0
   1       1 ram1 0 0 0 0 0 0 0 0 0 0 0
   1       2 ram2 0 0 0 0 0 0 0 0 0 0 0
   1       3 ram3 0 0 0 0 0 0 0 0 0 0 0
   1       4 ram4 0 0 0 0 0 0 0 0 0 0 0
   1       5 ram5 0 0 0 0 0 0 0 0 0 0 0
   1       6 ram6 0 0 0 0 0 0 0 0 0 0 0
   1       7 ram7 0 0 0 0 0 0 0 0 0 0 0
   1       8 ram8 0 0 0 0 0 0 0 0 0 0 0
   1       9 ram9 0 0 0 0 0 0 0 0 0 0 0
   1      10 ram10 0 0 0 0 0 0 0 0 0 0 0
   1      11 ram11 0 0 0 0 0 0 0 0 0 0 0
   1      12 ram12 0 0 0 0 0 0 0 0 0 0 0
   1      13 ram13 0 0 0 0 0 0 0 0 0 0 0
   1      14 ram14 0 0 0 0 0 0 0 0 0 0 0
   1      15 ram15 0 0 0 0 0 0 0 0 0 0 0
   7       0 loop0 0 0 0 0 0 0 0 0 0 0 0
   7       1 loop1 0 0 0 0 0 0 0 0 0 0 0
   7       2 loop2 0 0 0 0 0 0 0 0 0 0 0
   7       3 loop3 0 0 0 0 0 0 0 0 0 0 0
   7       4 loop4 0 0 0 0 0 0 0 0 0 0 0
   7       5 loop5 0 0 0 0 0 0 0 0 0 0 0
   7       6 loop6 0 0 0 0 0 0 0 0 0 0 0
   7       7 loop7 0 0 0 0 0 0 0 0 0 0 0
   8      16 sdb 472087 310134 63147474 755717 231086 19067326 154388272 95969135 0 1795298 96725057
   8      17 sdb1 472033 310130 63147010 755545 230248 19067326 154388272 95921326 0 1747317 96677076
   8       0 sda 925067 181573 115442763 325551 4268076 289413961 2349467250 192664679 0 5022340 192993138
   8       1 sda1 204292 42639 8413901 55634 814128 6001920 54529888 5809848 0 1067176 5865077
   8       2 sda2 94228 66352 3504296 23286 155173 15019415 121396674 20402683 0 246927 20425937
   8       3 sda3 834 3197 12336 151 894 11954 102784 3501 0 2950 3651
   8       4 sda4 2 0 4 1 0 0 0 0 0 1 1
   8       5 sda5 625674 69384 103511922 246475 3297382 268380672 2173437904 166447388 0 3780013 166697209
