   1       0 ram0 0 0 0 0 0 0 0 0 0 0 0
   1       1 ram1 0 0 0 0 0 0 0 0 0 0 0
   1       2 ram2 0 0 0 0 0 0 0 0 0 0 0
   1       3 ram3 0 0 0 0 0 0 0 0 0 0 0
   1       4 ram4 0 0 0 0 0 0 0 0 0 0 0
   1       5 ram5 0 0 0 0 0 0 0 0 0 0 0
   1       6 ram6 0 0 0 0 0 0 0 0 0 0 0
   1       7 ram7 0 0 0 0 0 0 0 0 0 0 0
   1       8 ram8 0 0 0 0 0 0 0 0 0 0 0
   1       9 ram9 0 0 0 0 0 0 0 0 0 0 0
   1      10 ram10 0 0 0 0 0 0 0 0 0 0 0
   1      11 ram11 0 0 0 0 0 0 0 0 0 0 0
   1      12 ram12 0 0 0 0 0 0 0 0 0 0 0
   1      13 ram13 0 0 0 0 0 0 0 0 0 0 0
   1      14 ram14 0 0 0 0 0 0 0 0 0 0 0
   1      15 ram15 0 0 0 0 0 0 0 0 0 0 0
   7       0 loop0 0 0 0 0 0 0 0 0 0 0 0
   7       1 loop1 0 0 0 0 0 0 0 0 0 0 0
   7       2 loop2 0 0 0 0 0 0 0 0 0 0 0
   7       3 loop3 0 0 0 0 0 0 0 0 0 0 0
   7       4 loop4 0 0 0 0 0 0 0 0 0 0 0
   7       5 loop5 0 0 0 0 0 0 0 0 0 0 0
   7       6 loop6 0 0 0 0 0 0 0 0 0 0 0
   7       7 loop7 0 0 0 0 0 0 0 0 0 0 0
   8      16 sdb 609548 316089 94481610 893407 311551 21070256 171050248 101896763 0 2325544 102790200
   8      17 sdb1 609494 316085 94481146 893235 310064 21070256 171050248 101815382 0 2244175 102708647
   8       0 sda 1178294 250119 139310835 444844 5535834 336086415 2732993610 230707313 0 6564004 231155182
   8       1 sda1 265556 63340 11039197 78535 1460355 9836390 90375528 9564024 0 1910289 9641869
   8       2 sda2 131708 74263 5161304 29988 187217 15037102 121794522 20506178 0 327499 20536123
   8       3 sda3 960 3990 19688 213 985 13058 112344 3792 0 3244 4004
   8       4 sda4 2 0 4 1 0 0 0 0 0 1 1
   8       5 sda5 780031 108525 123090338 336103 3886750 311199865 2520711216 200632032 0 4425964 200971894
