   1       0 ram0 0 0 0 0 0 0 0 0 0 0 0
   1       1 ram1 0 0 0 0 0 0 0 0 0 0 0
   1       2 ram2 0 0 0 0 0 0 0 0 0 0 0
   1       3 ram3 0 0 0 0 0 0 0 0 0 0 0
   1       4 ram4 0 0 0 0 0 0 0 0 0 0 0
   1       5 ram5 0 0 0 0 0 0 0 0 0 0 0
   1       6 ram6 0 0 0 0 0 0 0 0 0 0 0
   1       7 ram7 0 0 0 0 0 0 0 0 0 0 0
   1       8 ram8 0 0 0 0 0 0 0 0 0 0 0
   1       9 ram9 0 0 0 0 0 0 0 0 0 0 0
   1      10 ram10 0 0 0 0 0 0 0 0 0 0 0
   1      11 ram11 0 0 0 0 0 0 0 0 0 0 0
   1      12 ram12 0 0 0 0 0 0 0 0 0 0 0
   1      13 ram13 0 0 0 0 0 0 0 0 0 0 0
   1      14 ram14 0 0 0 0 0 0 0 0 0 0 0
   1      15 ram15 0 0 0 0 0 0 0 0 0 0 0
   7       0 loop0 0 0 0 0 0 0 0 0 0 0 0
   7       1 loop1 0 0 0 0 0 0 0 0 0 0 0
   7       2 loop2 0 0 0 0 0 0 0 0 0 0 0
   7       3 loop3 0 0 0 0 0 0 0 0 0 0 0
   7       4 loop4 0 0 0 0 0 0 0 0 0 0 0
   7       5 loop5 0 0 0 0 0 0 0 0 0 0 0
   7       6 loop6 0 0 0 0 0 0 0 0 0 0 0
   7       7 loop7 0 0 0 0 0 0 0 0 0 0 0
   8      16 sdb 609588 316090 94482034 894056 313471 21095234 171265216 101924856 0 2342992 102818942
   8      17 sdb1 609534 316086 94481570 893884 311957 21095234 171265216 101841959 0 2260107 102735873
   8       0 sda 1179709 250488 139479003 445826 5582077 336491586 2736604922 231005534 0 6628683 231454365
   8       1 sda1 265930 63567 11045917 79072 1494028 10029984 92193664 9766395 0 1952800 9844765
   8       2 sda2 132647 74357 5321552 30370 189184 15038621 121822410 20512234 0 332387 20542561
   8       3 sda3 968 4038 20136 214 985 13058 112344 3792 0 3245 4005
   8       4 sda4 2 0 4 1 0 0 0 0 0 1 1
   8       5 sda5 780125 108525 123091090 336165 3897353 311409923 2522476504 200721826 0 4445042 201061742
