   1       0 ram0 0 0 0 0 0 0 0 0 0 0 0
   1       1 ram1 0 0 0 0 0 0 0 0 0 0 0
   1       2 ram2 0 0 0 0 0 0 0 0 0 0 0
   1       3 ram3 0 0 0 0 0 0 0 0 0 0 0
   1       4 ram4 0 0 0 0 0 0 0 0 0 0 0
   1       5 ram5 0 0 0 0 0 0 0 0 0 0 0
   1       6 ram6 0 0 0 0 0 0 0 0 0 0 0
   1       7 ram7 0 0 0 0 0 0 0 0 0 0 0
   1       8 ram8 0 0 0 0 0 0 0 0 0 0 0
   1       9 ram9 0 0 0 0 0 0 0 0 0 0 0
   1      10 ram10 0 0 0 0 0 0 0 0 0 0 0
   1      11 ram11 0 0 0 0 0 0 0 0 0 0 0
   1      12 ram12 0 0 0 0 0 0 0 0 0 0 0
   1      13 ram13 0 0 0 0 0 0 0 0 0 0 0
   1      14 ram14 0 0 0 0 0 0 0 0 0 0 0
   1      15 ram15 0 0 0 0 0 0 0 0 0 0 0
   7       0 loop0 0 0 0 0 0 0 0 0 0 0 0
   7       1 loop1 0 0 0 0 0 0 0 0 0 0 0
   7       2 loop2 0 0 0 0 0 0 0 0 0 0 0
   7       3 loop3 0 0 0 0 0 0 0 0 0 0 0
   7       4 loop4 0 0 0 0 0 0 0 0 0 0 0
   7       5 loop5 0 0 0 0 0 0 0 0 0 0 0
   7       6 loop6 0 0 0 0 0 0 0 0 0 0 0
   7       7 loop7 0 0 0 0 0 0 0 0 0 0 0
   8      16 sdb 601021 315766 93293298 856656 280353 20034726 162518152 98787216 0 2145768 99643933
   8      17 sdb1 600967 315762 93292834 856484 279083 20034726 162518152 98717066 0 2075630 99573611
   8       0 sda 1158041 248631 138723747 433917 5246863 332799652 2704387506 228806765 0 6169746 229243829
   8       1 sda1 254950 62669 10583541 69162 1246661 8558584 78443512 8281643 0 1633584 8350206
   8       2 sda2 125696 74204 5111704 29307 176530 15030671 121657578 20467108 0 300567 20496376
   8       3 sda3 955 3966 19456 202 926 12343 106152 3595 0 3065 3796
   8       4 sda4 2 0 4 1 0 0 0 0 0 1 1
   8       5 sda5 776401 107791 123008738 335241 3822231 309198054 2504180264 200053136 0 4325892 200392163
